# Der eingefrorene Verlauf der abgeleiteten Bahnen.
#
# Erzeugt aus den Punktlisten, die bis v277 in src/data/maps.ts standen -
# also VOR dem Umbau auf WEGNETZ. Solange `npm run netz` null Abweichung
# meldet, hat der Umbau am Spiel nichts geaendert.
#
# 64 Abtastpunkte je Bahn in gleichen Bogenlaengen-Abstaenden,
# gemessen auf LanePath mit dem Standardwert perSpan.

spiralhain 0 laenge=3882.3 abtast=-60.0,1035.0;1.4,1039.8;62.8,1045.0;124.3,1048.9;185.9,1050.3;247.6,1050.2;309.2,1048.2;370.6,1043.2;431.6,1035.1;491.4,1020.5;529.9,976.2;528.1,914.8;524.2,853.4;525.3,791.8;526.7,730.2;529.4,668.6;533.8,607.2;554.0,549.4;600.8,511.0;660.8,498.5;721.6,506.9;776.6,533.6;805.2,586.8;813.1,647.8;818.3,709.2;819.3,770.9;820.3,832.5;819.5,894.1;827.7,954.8;864.3,1003.3;920.6,1027.2;981.9,1031.7;1041.8,1018.0;1092.6,984.6;1111.5,926.8;1115.0,865.2;1118.3,803.7;1119.0,742.1;1120.5,680.5;1121.2,618.9;1132.0,558.6;1168.5,510.0;1226.0,489.3;1287.3,489.9;1346.2,507.4;1392.5,546.4;1405.0,606.3;1407.2,667.9;1410.0,729.4;1411.3,791.0;1418.2,852.2;1430.6,912.5;1464.4,963.2;1515.9,996.5;1576.2,1005.8;1634.3,987.3;1671.4,939.2;1691.8,881.1;1705.7,821.1;1711.8,759.8;1716.2,698.4;1721.2,636.9;1725.6,575.5;1730.0,514.0
ascheschlucht 0 laenge=2423.8 abtast=1250.0,1180.0;1262.3,1143.5;1274.5,1107.1;1285.5,1070.2;1295.1,1033.0;1317.1,1002.7;1325.1,971.4;1295.8,946.5;1271.7,916.6;1251.8,883.7;1234.2,849.5;1217.4,814.9;1200.6,780.3;1183.7,745.7;1166.2,711.4;1147.9,677.6;1127.9,644.7;1104.5,614.3;1071.0,598.9;1038.2,617.8;1012.5,646.4;987.1,675.3;953.6,690.4;921.2,670.9;896.4,641.4;872.1,611.6;843.3,586.3;812.8,562.8;781.8,540.0;750.3,517.9;716.9,499.0;682.0,482.8;672.9,452.8;704.3,430.5;735.7,408.3;766.5,385.4;798.1,363.4;831.1,343.7;866.3,328.1;903.8,320.3;942.3,318.9;980.6,322.2;1018.3,329.7;1054.8,341.8;1088.7,359.7;1116.7,386.0;1139.6,416.9;1160.2,449.3;1181.3,481.4;1206.2,510.8;1232.0,539.3;1259.2,566.5;1290.7,588.3;1327.6,598.5;1366.0,597.5;1403.8,590.7;1441.1,581.1;1477.8,569.8;1513.0,554.2;1547.2,536.5;1581.5,519.2;1617.2,504.8;1653.5,492.2;1690.0,480.0
ascheschlucht 1 laenge=2818.5 abtast=1550.0,1180.0;1523.9,1143.7;1497.8,1107.3;1468.5,1073.6;1434.4,1044.6;1398.0,1018.7;1360.1,995.1;1327.4,973.6;1315.9,930.4;1306.4,886.7;1295.6,843.3;1283.3,800.3;1273.1,756.7;1261.3,713.6;1243.7,672.6;1213.9,639.7;1173.6,620.7;1130.1,610.5;1085.6,606.1;1040.8,606.4;996.8,613.3;956.0,631.4;917.3,654.0;877.9,675.1;835.1,687.5;790.6,691.5;745.9,690.6;701.9,682.8;660.6,665.9;624.4,639.7;591.4,609.5;560.8,576.9;533.3,541.7;511.8,502.5;520.3,462.8;562.6,449.3;607.0,443.7;651.6,440.7;696.3,439.0;741.1,437.9;785.8,436.5;830.3,431.9;873.4,431.5;913.7,450.8;952.2,473.6;990.7,496.4;1029.2,519.3;1067.4,542.5;1105.7,565.6;1144.5,587.9;1182.2,612.0;1220.0,635.9;1260.0,655.8;1303.3,666.7;1347.9,668.7;1392.5,665.3;1436.5,657.3;1479.3,644.6;1518.8,623.7;1553.6,595.6;1586.2,565.0;1620.3,536.1;1655.2,508.1;1690.0,480.0
frostspalte 0 laenge=2719.5 abtast=400.0,1180.0;398.7,1136.9;397.7,1093.7;394.8,1050.6;387.5,1008.1;375.7,966.6;361.4,925.9;346.4,885.4;328.9,846.0;311.6,806.4;298.9,765.2;290.4,722.9;284.9,680.1;284.3,637.0;291.0,594.4;304.3,553.4;323.4,514.7;348.4,479.6;379.0,449.2;413.4,423.1;450.3,400.9;489.6,383.1;530.6,369.7;572.6,359.6;615.2,352.5;658.1,348.6;701.3,349.0;744.1,354.4;785.9,365.2;826.4,380.0;865.7,397.8;903.5,418.6;939.3,442.7;972.4,470.4;1002.6,501.2;1029.4,535.0;1051.2,572.2;1067.4,612.2;1078.7,653.8;1081.0,696.8;1062.8,735.1;1032.7,765.9;1008.4,800.9;1025.6,838.8;1059.5,865.4;1097.1,886.6;1137.1,902.7;1178.7,914.3;1221.3,921.2;1264.4,922.0;1307.2,917.0;1349.3,907.3;1389.9,892.8;1427.9,872.5;1463.1,847.5;1495.8,819.3;1525.1,787.7;1552.1,754.0;1577.7,719.2;1600.8,682.8;1621.4,644.9;1640.0,605.9;1656.3,566.0;1669.0,525.0
frostspalte 1 laenge=2185.9 abtast=1100.0,1180.0;1104.5,1145.6;1107.7,1111.1;1111.8,1076.6;1119.2,1042.7;1132.9,1011.0;1153.1,982.8;1177.1,957.8;1202.9,934.6;1229.3,912.1;1256.6,890.8;1286.2,872.6;1315.7,854.3;1342.4,832.3;1363.9,805.1;1382.2,775.6;1396.9,744.2;1406.4,710.9;1407.6,676.3;1401.0,642.3;1388.3,610.1;1369.8,580.8;1344.8,556.9;1315.4,538.6;1283.7,524.6;1250.5,514.6;1216.2,509.3;1181.5,509.2;1147.2,513.6;1113.8,523.0;1083.0,538.8;1055.8,560.2;1032.0,585.5;1011.8,613.6;996.3,644.7;986.4,677.9;982.3,712.3;986.3,746.6;999.0,778.8;1018.6,807.4;1044.5,830.3;1076.3,843.9;1110.2,850.9;1144.7,855.2;1179.1,859.1;1213.7,862.5;1248.3,864.4;1283.0,864.2;1317.5,861.0;1351.6,854.4;1385.1,845.4;1418.0,834.3;1450.1,821.3;1480.7,805.0;1509.8,786.1;1537.8,765.6;1562.5,741.7;1581.3,712.6;1599.6,683.1;1616.9,653.0;1632.7,622.1;1646.6,590.3;1659.4,558.1;1669.0,525.0
farnkessel 0 laenge=2669.5 abtast=1500.0,1160.0;1482.3,1121.5;1464.1,1083.2;1447.8,1044.1;1435.9,1003.5;1428.5,961.8;1423.9,919.7;1420.6,877.4;1417.6,835.2;1415.9,792.8;1415.4,750.5;1416.8,708.1;1424.1,666.4;1431.4,624.7;1424.3,583.4;1399.3,549.6;1363.6,527.2;1322.4,517.6;1280.1,517.1;1238.6,525.3;1199.1,540.4;1163.2,562.8;1134.7,593.9;1113.5,630.6;1098.1,670.0;1087.9,711.1;1084.2,753.3;1084.3,795.7;1085.7,838.0;1086.7,880.4;1090.7,922.6;1094.0,964.8;1087.6,1006.3;1062.2,1039.7;1025.3,1060.1;984.1,1069.4;941.8,1069.1;901.0,1058.4;864.6,1036.8;833.8,1007.8;809.5,973.1;791.5,934.8;778.2,894.6;768.8,853.3;764.6,811.2;764.1,768.8;765.4,726.5;769.0,684.3;778.2,642.9;782.4,601.0;764.5,563.2;732.7,535.6;694.1,518.3;652.1,514.0;609.8,516.4;567.6,520.2;525.8,527.2;484.4,536.1;442.3,540.0;400.3,534.9;359.1,524.9;318.6,512.7;278.8,498.1;241.0,479.0
farnkessel 1 laenge=2407.7 abtast=700.0,1160.0;707.8,1122.6;716.8,1085.5;722.3,1047.7;717.2,1010.1;701.3,975.4;679.1,944.4;651.4,918.1;618.5,898.8;582.3,886.9;544.6,880.5;506.5,879.5;470.1,890.1;438.0,910.7;405.4,930.5;368.4,931.8;335.8,912.2;309.1,885.0;288.5,852.9;278.5,816.2;278.4,778.0;283.2,740.1;290.5,702.6;299.5,665.5;311.9,629.4;330.6,596.1;357.8,569.5;390.4,549.7;426.0,536.0;463.7,529.8;501.7,532.8;538.6,542.5;573.2,558.5;602.2,583.0;620.2,616.7;634.8,652.0;654.4,684.5;685.1,707.1;720.0,722.5;757.3,730.4;795.0,726.5;829.5,710.2;859.8,687.0;881.3,656.0;879.8,618.1;866.5,582.4;840.3,558.8;808.9,580.3;773.8,587.4;746.8,560.6;721.0,532.5;686.8,516.7;648.8,514.0;610.6,516.3;572.6,519.8;534.8,525.3;497.4,533.5;459.7,539.5;421.6,538.4;384.0,531.4;347.2,521.4;310.6,510.2;275.1,496.3;241.0,479.0
